name,longitude,latitude ,free_bikes,empty_slots,total_bikes,station,Yelp_restaurant rating,Yelp_restaurant_count,Yelp_park_rating,Yelp_park_count,FSQ_restaurant_count,FSQ_park_count
Hess at king,-79.87721174955368,43.259125842121065,5,7,12,0,4.175,20,3.0,1,10,10
Bayfront Park,-79.87132698297499,43.26928827622911,6,26,32,1,3.575,20,3.75,2,10,10
Bay at Strachan,-79.8679232597351,43.26785864558976,7,17,24,2,3.95,20,3.75,2,10,10
Bay at Mulberry,-79.87180307507515,43.26319844157448,2,11,13,3,4.075,20,4.0,1,10,10
City Hall,-79.8744987564414,43.2561324863605,7,10,17,4,4.125,20,0.0,0,10,10
Bay at Bold,-79.8753935613187,43.2538302267771,7,4,11,5,4.175,20,3.0,1,10,10
James S at Charlton,-79.8720555723035,43.2496354495324,2,8,10,6,4.1,20,0.0,0,10,10
Oxford at York,-79.8777937889099,43.26456372689135,8,4,12,7,4.05,20,3.5,2,10,10
Queen at Peter,-79.877606006297,43.2618861338306,3,8,11,8,4.075,20,3.0,1,10,10
West at Cannon,-79.8561337635964,43.257877862291,3,10,13,9,4.125,20,0.0,0,10,10
Forsyth at Sterling,-79.91580605506897,43.26271404114188,11,24,35,10,3.7,20,0.0,0,10,10
Gage at Cannon - ERI11,-79.82740849256516,43.25112644429895,6,2,8,11,4.35,20,4.0,2,10,10
H.A.A.A. Park,-79.8819466027797,43.2540651616154,3,6,9,12,4.0,20,3.0,1,10,10
Hunter at Hess,-79.87889617681503,43.255383107655966,9,7,16,13,4.225,20,3.0,1,10,10
Dunsmure at Sherman - ERI10,-79.8388883471489,43.24943274108067,1,8,9,14,3.3,20,5.0,1,10,10
King at Dunsmure - ERI09,-79.82685998082161,43.24634382646498,7,2,9,15,4.125,20,4.0,2,10,10
Locke at Napier,-79.8827367298478,43.2628018805713,1,10,11,16,4.2,20,3.5,2,10,10
York at Inchbury,-79.8819495909127,43.2659146108256,4,9,13,17,3.925,20,4.0,1,10,10
Aberdeen at Queen,-79.8836993988543,43.2488085584277,2,11,13,18,3.85,20,3.0,1,10,10
King at Dundurn,-79.88798081874847,43.26240933566922,4,4,8,19,4.2,20,3.0,1,10,10
Main at Dundurn,-79.8892092704773,43.25966301112219,5,6,11,20,3.975,20,3.0,1,10,10
Dundurn St S,-79.8909067737901,43.2548127612063,6,6,12,21,3.625,20,3.0,1,10,10
McMaster Mary Keyes,-79.92224670946598,43.26246012002058,6,5,11,22,3.15,20,0.0,0,10,7
McMaster Health Sciences,-79.91824820637703,43.26053126154136,9,21,30,23,3.475,20,0.0,0,10,8
McMaster Arthur Bourns,-79.922358671032,43.2599690032886,13,1,14,24,3.15,20,0.0,0,10,9
McMaster Emerson,-79.91978779435158,43.258038792898375,4,15,19,25,3.5,20,0.0,0,10,9
Longwood at Edgevale,-79.8993094512,43.2662112220324,4,11,15,26,3.625,20,0.0,0,10,9
Longwood at King,-79.9009418422827,43.2630174571678,8,2,10,27,3.625,20,0.0,0,10,10
Chedoke Stairs,-79.90823779724,43.2460802627748,5,6,11,28,0.0,0,0.0,0,0,1
McMaster Innovation Park,-79.9011692404747,43.25656885270854,9,8,17,29,3.65,20,0.0,0,10,10
Macklin at King,-79.8964982026467,43.2621672804245,14,0,14,30,3.675,20,3.0,1,10,10
Dundurn at Aberdeen,-79.89265590906143,43.251458458949,13,9,22,31,3.55,20,3.0,1,10,10
Dundurn Stairs,-79.8947787566411,43.2465214141618,6,5,11,32,2.933333333333333,15,0.0,0,5,5
Cootes Drive Dundas,-79.94765996932983,43.26547419149645,1,0,1,33,3.1,20,5.0,1,10,4
Princess Point,-79.8945270389426,43.2729912871819,4,7,11,34,0.0,0,0.0,0,0,5
Pearl Street Bridge,-79.88345324993132,43.25650634283747,4,7,11,35,4.05,20,3.0,1,10,10
Rail Trail at Emerson,-79.9208028150996,43.2546745875963,4,12,16,36,3.375,20,0.0,0,10,7
Westdale Village,-79.90508794784544,43.26201477888108,17,0,17,37,3.5,20,0.0,0,10,9
Westdale Library,-79.90359663963316,43.2627159943772,6,3,9,38,3.5,20,0.0,0,10,10
Emerson at Whitney,-79.9222158171462,43.2521423210113,9,6,15,39,2.975,20,0.0,0,10,5
Sterling at Whitton,-79.9133658840373,43.2622271626907,13,0,13,40,3.75,20,0.0,0,10,10
Sterling at Haddon,-79.91026729345322,43.26202552179778,9,3,12,41,3.85,20,0.0,0,10,10
Sanders at Hollywood,-79.9264810904732,43.2599031676959,5,8,13,42,2.9,20,0.0,0,10,8
King at Cline,-79.9092948353051,43.2605367847852,7,5,12,43,3.85,20,0.0,0,10,10
Rail Trail at Stroud,-79.9166152756283,43.2535916384655,10,2,12,44,3.725,20,0.0,0,10,6
Main at Columbia College,-79.90785866975784,43.2585671813327,8,4,12,45,3.8,20,0.0,0,10,10
King Street Dundas,-79.95375394821166,43.26595632543361,0,1,1,46,3.35,20,5.0,1,10,9
Hunter GO Centre,-79.86948698759079,43.25343546641674,9,8,17,47,4.05,20,0.0,0,10,10
Park at Robinson,-79.8749090863127,43.2515957745917,7,3,10,48,4.15,20,0.0,0,10,10
Main at Dalewood,-79.91383865476678,43.25802547698811,11,0,11,49,3.8,20,0.0,0,10,10
John at Main,-79.86718028783798,43.254529435061336,6,7,13,50,4.05,20,0.0,0,10,10
Stadium,-79.83134329318999,43.25161474646046,1,31,32,51,3.75,20,5.0,1,10,10
Osler at Main,-79.9342255404988,43.2572539435115,6,4,10,52,2.275,20,0.0,0,10,4
Main at Whitney,-79.93979036808014,43.25205234935895,3,7,10,53,2.025,20,0.0,0,10,5
Osler at Grant,-79.9426434441838,43.2595496051254,3,9,12,54,2.275,20,0.0,0,10,4
270 Sherman,-79.83437284827232,43.26044140942891,5,5,10,55,1.825,20,0.0,0,10,9
Sanders at Binkley,-79.92979913949966,43.25875372772543,4,5,9,56,2.725,20,0.0,0,10,6
Whitney at Lower Horning,-79.9354198942367,43.2518522355378,10,2,12,57,2.375,20,0.0,0,10,5
James North at Mulberry,-79.86674308776855,43.26181945279216,11,8,19,58,4.15,20,0.0,0,10,10
Frid at Main,-79.89262372255325,43.25940517059312,3,7,10,59,3.45,20,3.0,1,10,10
Gore Park,-79.86866354942322,43.25631685939874,2,14,16,60,4.125,20,0.0,0,10,10
Stinson at West,-79.859726111821,43.2494985579078,9,3,12,61,4.075,20,0.0,0,10,10
King William at Victoria,-79.85582381486893,43.2541543623113,5,5,10,62,3.875,20,0.0,0,10,10
Wentworth at King,-79.84910354018211,43.25199038416551,3,7,10,63,2.95,20,0.0,0,10,10
Cannon at Wentworth - 96,-79.8475054418754,43.2559617394464,6,1,7,64,3.15,20,0.0,0,10,10
Haymarket at Hughson,-79.86883386969566,43.2523698048509,4,8,12,65,4.025,20,0.0,0,10,10
Bay at Macaulay,-79.86627101898192,43.27236225898336,4,6,10,66,2.825,20,3.75,2,10,10
Rifle Range at Rail Trail,-79.9298771288198,43.2554850097816,7,8,15,67,2.925,20,0.0,0,10,6
Hill Street Park,-79.88822355870525,43.25672417073905,4,5,9,68,4.05,20,3.0,1,10,10
Cannon at Ottawa,-79.8180502653122,43.2475653052787,7,5,12,69,4.2,20,4.0,2,10,7
Seedworks,-79.86361294984816,43.25911119199103,2,5,7,70,4.075,20,0.0,0,10,10
Gage Park,-79.83040988445282,43.24344818701565,7,16,23,71,3.55,20,5.0,1,10,10
Delaware at Myrtle,-79.8495236914621,43.2480454302898,5,7,12,72,2.475,20,0.0,0,10,10
Maplewood at Springer,-79.83708053827286,43.245150946389735,7,6,13,73,3.0,20,5.0,1,10,10
Cannon at Birch (Powell Park),-79.84128892421722,43.25504613306136,3,9,12,74,3.35,20,0.0,0,10,10
Cannon at Sherman,-79.8374917817979,43.2533992835566,1,6,7,75,3.4,20,0.0,0,10,10
York at Macnab,-79.86919194459914,43.25901059433612,12,0,12,76,4.1,20,0.0,0,10,10
McMaster Stadium,-79.91868138313293,43.26462232214244,0,10,10,77,3.55,20,0.0,0,10,7
Barton and Belview - ERI05,-79.82217215001583,43.25291050099637,3,6,9,78,3.85,20,3.0,1,10,7
Barton at Ottawa - ERI06,-79.81602117419243,43.25147804372769,6,1,7,79,3.55,20,4.0,2,10,3
King at Mary,-79.86437804996967,43.25519606248058,1,6,7,80,4.1,20,0.0,0,10,10
Cumberland at Blake ,-79.84050840139389,43.24333095563425,4,2,6,81,3.125,20,5.0,1,10,10
Main at Eastbourne,-79.84201848506926,43.24814116192469,7,5,12,82,3.1,20,0.0,0,10,10
Stinson at Blythe,-79.8550984051804,43.2480282225403,7,4,11,83,3.7,20,5.0,1,10,10
Wentworth Stairs,-79.85186353325844,43.24487936776345,5,9,14,84,2.475,20,5.0,1,10,10
Ferguson at King William,-79.8614431097373,43.2551792486624,2,8,10,85,4.15,20,0.0,0,10,10
Ferguson at Cannon,-79.8598228455297,43.2587508364231,1,9,10,86,4.15,20,0.0,0,10,10
Victoria at Barton,-79.853318631649,43.26124519046125,1,9,10,87,3.775,20,0.0,0,10,10
Mars at Wentworth - ERI01,-79.84364993870258,43.26534015820083,2,7,9,88,2.7,20,0.0,0,10,10
Sherman at Barton - ERI02,-79.83628392219543,43.25632467316046,5,4,9,89,2.75,20,0.0,0,10,10
Barton at Lottridge - ERI03,-79.83144521713257,43.2552894386678,4,4,8,90,2.775,20,0.0,0,10,10
Corktown Park,-79.8641461491451,43.2492552510953,1,11,12,91,4.1,20,0.0,0,10,10
Hunter at Ferguson,-79.86318781971931,43.251798383773966,4,6,10,92,4.075,20,0.0,0,10,10
Athletic Centre Bike Racks,-79.91574570536613,43.26471509784132,10,10,20,93,3.7,20,0.0,0,10,9
Main and Wellington,-79.86008584499359,43.25281814686537,3,2,5,94,4.1,20,0.0,0,10,10
McMaster Student Centre,-79.91714715957642,43.26274333966465,3,26,29,95,3.875,20,0.0,0,10,10
George Street,-79.87894982099533,43.25851444036409,1,10,11,96,4.125,20,3.0,1,10,10
Hughson at Picton,-79.861626657542,43.2701169222876,5,7,12,97,3.375,20,3.75,2,10,10
Discovery Drive,-79.86029773950577,43.27606684636728,1,24,25,98,2.7857142857142856,7,3.75,2,6,8
Ainslie at Emerson,-79.9234422627427,43.2495181157076,7,4,11,99,2.775,20,0.0,0,10,1
Catharine at Young,-79.8677950761702,43.2496648107707,4,8,12,100,4.075,20,0.0,0,10,10
Main at Macnab,-79.87145036458969,43.25586951986928,4,8,12,101,4.1,20,0.0,0,10,10
Eastwood Arena,-79.856711442486,43.271621271914,5,8,13,102,3.1,20,3.5,1,8,9
Hunter at Park,-79.8733946157064,43.2543192007999,7,3,10,103,4.075,20,0.0,0,10,10
Aberdeen at Studholme,-79.899692892407,43.2526283084979,9,3,12,104,3.075,20,3.0,1,8,6
Ferguson at Barton,-79.8582423171631,43.262056982995,1,5,6,105,4.15,20,0.0,0,10,10
Ferrie at Furguson,-79.85489845275879,43.266617945064255,1,5,6,106,3.875,20,3.5,1,10,10
Belview at Cannon - ERI12,-79.82342541217804,43.24892849906615,6,3,9,107,4.15,20,4.0,2,10,10
Tisdale at Main,-79.85307991504669,43.25191559879094,7,3,10,108,3.2,20,0.0,0,10,10
Maple at Rothsay - ERI08,-79.8250025510788,43.24216273334376,2,7,9,109,3.9,20,4.0,2,10,9
Queen at George,-79.8793575167656,43.25812181171754,2,4,6,110,4.175,20,3.0,1,10,10
Augusta at John,-79.86898005008698,43.25163232878042,4,5,9,111,4.075,20,0.0,0,10,10
Ottawa at Dunsmure - ERI07,-79.81923043727875,43.2444465978823,4,5,9,112,4.375,20,4.0,2,10,6
Cootes at York and King,-79.94965553283691,43.26558132306987,7,8,15,113,2.95,20,5.0,1,10,4
James at Vine,-79.86767515540123,43.25971184443275,10,1,11,114,3.9,20,0.0,0,10,10
Charlton at Locke,-79.886634349823,43.25332704523968,0,7,7,115,4.1,20,3.0,1,10,10
Locke at Herkimer,-79.88658607006073,43.25249971692893,1,4,5,116,4.075,20,3.0,1,10,10
King William at Hughson,-79.86643463373184,43.2569048421661,0,5,5,117,4.2,20,0.0,0,10,10
Barton at Wentworth,-79.8449581861496,43.25893246012055,3,7,10,118,3.05,20,0.0,0,10,10
Charlton at Queen,-79.88158643245697,43.25200741706332,5,5,10,119,3.975,20,3.0,1,10,10
Duke at James,-79.87135380506516,43.25163037518954,4,2,6,120,4.1,20,0.0,0,10,10
Beasley Park,-79.86106485128403,43.25891916811838,7,2,9,121,4.175,20,0.0,0,10,10
John near King,-79.86623145639896,43.25652795268133,6,0,6,122,4.125,20,0.0,0,10,10
Locke at Hunter,-79.88510146737099,43.256556155396176,2,8,10,123,4.025,20,3.0,1,10,10
King at Barnesdale,-79.83547054231167,43.25124627968789,7,1,8,124,3.25,20,5.0,1,10,10
King at Sherman,-79.83823858201504,43.2513467527978,3,4,7,125,3.375,20,5.0,1,10,10
King at Sanford,-79.84635829925537,43.251884127702,6,3,9,126,3.25,20,0.0,0,10,10
Bay at York,-79.87338691949844,43.25906138152248,11,13,24,127,4.125,20,0.0,0,10,10
Jackson Square,-79.86957684159279,43.25693469264953,3,6,9,128,4.125,20,0.0,0,10,10
Cannon at Steven,-79.84998129308224,43.25646071175471,3,6,9,129,3.025,20,0.0,0,10,10
Pier 4,-79.86689731478691,43.27260051521549,9,21,30,130,2.7777777777777777,18,3.75,2,8,10
Ferguson at King,-79.86223563551903,43.25400491861888,2,8,10,131,4.125,20,0.0,0,10,10
Durand Park,-79.87574994564056,43.24978615747242,8,5,13,132,4.125,20,3.0,1,10,10
Cannon at East,-79.85334813594818,43.25729552525069,4,4,8,133,3.775,20,0.0,0,10,10
Strachan at Mary,-79.86042380332947,43.265938747249415,4,4,8,134,4.15,20,3.75,2,10,10
West Harbour GO Station,-79.86611008644103,43.26624929442286,2,10,12,135,3.925,20,3.75,2,10,10
James at Guise,-79.86182928085327,43.27365898786445,2,7,9,136,2.5555555555555554,9,3.75,2,7,10
RBG Rock Garden,-79.89169299602507,43.289479198281,0,14,14,137,4.0,1,0.0,0,2,0
Pier 8,-79.85690742731094,43.27528883070137,2,13,15,138,3.25,6,3.5,1,6,8
Westinghouse at Barton - ERI13,-79.84240606427193,43.25831920066756,5,8,13,139,2.5,20,0.0,0,10,10
James at Colbourne,-79.8660421593136,43.2637774120007,5,8,13,140,4.05,20,4.0,1,10,10
Main at Longwood,-79.90210264921188,43.25960441109783,8,1,9,141,3.7,20,0.0,0,10,10
Van Wagners,-79.7663875669241,43.26000777328068,6,7,13,142,2.5,3,4.0,2,4,2
