free_bikes,total_bikes,Yelp_restaurant rating,Yelp_restaurant_count,Yelp_park_rating,Yelp_park_count,FSQ_restaurant_count,FSQ_park_count,perc_of_free_bikes%
5,12,4.175,20,3.0,1,10,10,41.67
6,32,3.575,20,3.75,2,10,10,18.75
7,24,3.95,20,3.75,2,10,10,29.17
2,13,4.075,20,4.0,1,10,10,15.38
7,17,4.125,20,0.0,0,10,10,41.18
7,11,4.175,20,3.0,1,10,10,63.64
2,10,4.1,20,0.0,0,10,10,20.0
8,12,4.05,20,3.5,2,10,10,66.67
3,11,4.075,20,3.0,1,10,10,27.27
3,13,4.125,20,0.0,0,10,10,23.08
11,35,3.7,20,0.0,0,10,10,31.43
6,8,4.35,20,4.0,2,10,10,75.0
3,9,4.0,20,3.0,1,10,10,33.33
9,16,4.225,20,3.0,1,10,10,56.25
1,9,3.3,20,5.0,1,10,10,11.11
7,9,4.125,20,4.0,2,10,10,77.78
1,11,4.2,20,3.5,2,10,10,9.09
4,13,3.925,20,4.0,1,10,10,30.77
2,13,3.85,20,3.0,1,10,10,15.38
4,8,4.2,20,3.0,1,10,10,50.0
5,11,3.975,20,3.0,1,10,10,45.45
6,12,3.625,20,3.0,1,10,10,50.0
6,11,3.15,20,0.0,0,10,7,54.55
9,30,3.475,20,0.0,0,10,8,30.0
13,14,3.15,20,0.0,0,10,9,92.86
4,19,3.5,20,0.0,0,10,9,21.05
4,15,3.625,20,0.0,0,10,9,26.67
8,10,3.625,20,0.0,0,10,10,80.0
5,11,0.0,0,0.0,0,0,1,45.45
9,17,3.65,20,0.0,0,10,10,52.94
14,14,3.675,20,3.0,1,10,10,100.0
13,22,3.55,20,3.0,1,10,10,59.09
6,11,2.933333333333333,15,0.0,0,5,5,54.55
1,1,3.1,20,5.0,1,10,4,100.0
4,11,0.0,0,0.0,0,0,5,36.36
4,11,4.05,20,3.0,1,10,10,36.36
4,16,3.375,20,0.0,0,10,7,25.0
17,17,3.5,20,0.0,0,10,9,100.0
6,9,3.5,20,0.0,0,10,10,66.67
9,15,2.975,20,0.0,0,10,5,60.0
13,13,3.75,20,0.0,0,10,10,100.0
9,12,3.85,20,0.0,0,10,10,75.0
5,13,2.9,20,0.0,0,10,8,38.46
7,12,3.85,20,0.0,0,10,10,58.33
10,12,3.725,20,0.0,0,10,6,83.33
8,12,3.8,20,0.0,0,10,10,66.67
0,1,3.35,20,5.0,1,10,9,0.0
9,17,4.05,20,0.0,0,10,10,52.94
7,10,4.15,20,0.0,0,10,10,70.0
11,11,3.8,20,0.0,0,10,10,100.0
6,13,4.05,20,0.0,0,10,10,46.15
1,32,3.75,20,5.0,1,10,10,3.12
6,10,2.275,20,0.0,0,10,4,60.0
3,10,2.025,20,0.0,0,10,5,30.0
3,12,2.275,20,0.0,0,10,4,25.0
5,10,1.825,20,0.0,0,10,9,50.0
4,9,2.725,20,0.0,0,10,6,44.44
10,12,2.375,20,0.0,0,10,5,83.33
11,19,4.15,20,0.0,0,10,10,57.89
3,10,3.45,20,3.0,1,10,10,30.0
2,16,4.125,20,0.0,0,10,10,12.5
9,12,4.075,20,0.0,0,10,10,75.0
5,10,3.875,20,0.0,0,10,10,50.0
3,10,2.95,20,0.0,0,10,10,30.0
6,7,3.15,20,0.0,0,10,10,85.71
4,12,4.025,20,0.0,0,10,10,33.33
4,10,2.825,20,3.75,2,10,10,40.0
7,15,2.925,20,0.0,0,10,6,46.67
4,9,4.05,20,3.0,1,10,10,44.44
7,12,4.2,20,4.0,2,10,7,58.33
2,7,4.075,20,0.0,0,10,10,28.57
7,23,3.55,20,5.0,1,10,10,30.43
5,12,2.475,20,0.0,0,10,10,41.67
7,13,3.0,20,5.0,1,10,10,53.85
3,12,3.35,20,0.0,0,10,10,25.0
1,7,3.4,20,0.0,0,10,10,14.29
12,12,4.1,20,0.0,0,10,10,100.0
0,10,3.55,20,0.0,0,10,7,0.0
3,9,3.85,20,3.0,1,10,7,33.33
6,7,3.55,20,4.0,2,10,3,85.71
1,7,4.1,20,0.0,0,10,10,14.29
4,6,3.125,20,5.0,1,10,10,66.67
7,12,3.1,20,0.0,0,10,10,58.33
7,11,3.7,20,5.0,1,10,10,63.64
5,14,2.475,20,5.0,1,10,10,35.71
2,10,4.15,20,0.0,0,10,10,20.0
1,10,4.15,20,0.0,0,10,10,10.0
1,10,3.775,20,0.0,0,10,10,10.0
2,9,2.7,20,0.0,0,10,10,22.22
5,9,2.75,20,0.0,0,10,10,55.56
4,8,2.775,20,0.0,0,10,10,50.0
1,12,4.1,20,0.0,0,10,10,8.33
4,10,4.075,20,0.0,0,10,10,40.0
10,20,3.7,20,0.0,0,10,9,50.0
3,5,4.1,20,0.0,0,10,10,60.0
3,29,3.875,20,0.0,0,10,10,10.34
1,11,4.125,20,3.0,1,10,10,9.09
5,12,3.375,20,3.75,2,10,10,41.67
1,25,2.7857142857142856,7,3.75,2,6,8,4.0
7,11,2.775,20,0.0,0,10,1,63.64
4,12,4.075,20,0.0,0,10,10,33.33
4,12,4.1,20,0.0,0,10,10,33.33
5,13,3.1,20,3.5,1,8,9,38.46
7,10,4.075,20,0.0,0,10,10,70.0
9,12,3.075,20,3.0,1,8,6,75.0
1,6,4.15,20,0.0,0,10,10,16.67
1,6,3.875,20,3.5,1,10,10,16.67
6,9,4.15,20,4.0,2,10,10,66.67
7,10,3.2,20,0.0,0,10,10,70.0
2,9,3.9,20,4.0,2,10,9,22.22
2,6,4.175,20,3.0,1,10,10,33.33
4,9,4.075,20,0.0,0,10,10,44.44
4,9,4.375,20,4.0,2,10,6,44.44
7,15,2.95,20,5.0,1,10,4,46.67
10,11,3.9,20,0.0,0,10,10,90.91
0,7,4.1,20,3.0,1,10,10,0.0
1,5,4.075,20,3.0,1,10,10,20.0
0,5,4.2,20,0.0,0,10,10,0.0
3,10,3.05,20,0.0,0,10,10,30.0
5,10,3.975,20,3.0,1,10,10,50.0
4,6,4.1,20,0.0,0,10,10,66.67
7,9,4.175,20,0.0,0,10,10,77.78
6,6,4.125,20,0.0,0,10,10,100.0
2,10,4.025,20,3.0,1,10,10,20.0
7,8,3.25,20,5.0,1,10,10,87.5
3,7,3.375,20,5.0,1,10,10,42.86
6,9,3.25,20,0.0,0,10,10,66.67
11,24,4.125,20,0.0,0,10,10,45.83
3,9,4.125,20,0.0,0,10,10,33.33
3,9,3.025,20,0.0,0,10,10,33.33
9,30,2.7777777777777777,18,3.75,2,8,10,30.0
2,10,4.125,20,0.0,0,10,10,20.0
8,13,4.125,20,3.0,1,10,10,61.54
4,8,3.775,20,0.0,0,10,10,50.0
4,8,4.15,20,3.75,2,10,10,50.0
2,12,3.925,20,3.75,2,10,10,16.67
2,9,2.5555555555555554,9,3.75,2,7,10,22.22
0,14,4.0,1,0.0,0,2,0,0.0
2,15,3.25,6,3.5,1,6,8,13.33
5,13,2.5,20,0.0,0,10,10,38.46
5,13,4.05,20,4.0,1,10,10,38.46
8,9,3.7,20,0.0,0,10,10,88.89
6,13,2.5,3,4.0,2,4,2,46.15
